12 
41 
40 
97 
63 
95 
74 
85 
8 
84 
52 
5 
48 
61 
63 
4 
44 
2 
27 
14 
53 
2 
58 
37 
14 
4 
39 
7 
49 
11 
70 
16 
54 
7 
43 
44 
42 
50 
47 
0 
33 
59 
47 
37 
26 
50 
0 
53 
33 
45 
32 
62 
6 
16 
83 
75 
28 
27 
29 
26 
79 
96 
7 
10 
63 
62 
27 
77 
56 
63 
32 
85 
25 
43 
29 
7 
23 
47 
15 
37 
99 
25 
68 
6 
40 
48 
87 
21 
89 
97 
70 
81 
59 
32 
92 
5 
34 
19 
60 
46 
81 
92 
61 
70 
36 
37 
85 
87 
16 
49 
60 
1 
9 
79 
29 
57 
66 
23 
88 
0 
65 
3 
21 
82 
23 
44 
8 
9 
92 
64 
91 
58 
54 
70 
86 
76 
36 
84 
65 
0 
5 
8 
28 
26 
79 
17 
25 
45 
29 
60 
98 
76 
0 
94 
62 
82 
10 
81 
48 
29 
85 
74 
84 
20 
37 
39 
13 
5 
81 
32 
30 
91 
68 
24 
76 
18 
30 
17 
30 
8 
37 
60 
87 
18 
18 
9 
15 
15 
62 
64 
69 
12 
98 
97 
43 
49 
5 
44 
61 
92 
40 
